[tooplate_header.jpg]
filters=TwoTone=1,0.000000,20.000000,0.000000,ff7b0014,ffdaff0f;
moddate=6da55c0063e2d001
width=1600
height=300
textactive=0
